{"app":"com.nianticlabs.ar.ardksamples","autofocus":1,"captureGroup":{"sequence":0,"uuid":"018e7e26-c1cf-7022-8035-ee070000ffff"},"coordinates":"opengl","depthSource":"none","duration":24.509,"formatVersion":"1","frameCount":368,"framerate":14.974091150189725,"frames":[{"exposure":0.0,"image":"frame_00000000.jpg","intrinsics":[573.1436767578125,573.1436767578125,361.2257995605469,268.38677978515625,0.0],"location":{"altitude":11.54525375366211,"altitudeAccuracy":6.0,"heading":284.7047119140625,"headingAccuracy":26.500465393066406,"headingTimestamp":1711513449.59,"latitude":33.59025955200195,"longitude":130.4131622314453,"positionAccuracy":26.500465393066406,"positionSource":"corelocation","positionTimestamp":1711513449.59},"pose":[2.8952009677886963,0.3017634153366089,0.9738073348999023,0.7086300253868103,-0.694512128829956,-0.1007942408323288,-0.07305385172367096],"pose4x4":[0.014986813068389893,-0.9695774912834167,-0.24432522058486938,0.0,-0.999031126499176,-0.024631977081298828,0.036469340324401855,0.0,-0.04137808084487915,0.24354195594787598,-0.9690072536468506,0.0,2.8952009677886963,0.3017634153366089,0.9738073348999023,1.0],"resolution":[720,540],"sequence":0,"timestamp":1711513453.0,"tracking":2,"trackingReason":0},{"exposure":0.0,"image":"frame_00000001.jpg","intrinsics":[573.1419677734375,573.1419677734375,361.14373779296875,268.3759765625,0.0],"location":{"altitude":11.54525375366211,"altitudeAccuracy":6.0,"heading":284.7047119140625,"headingAccuracy":26.500465393066406,"headingTimestamp":1711513449.59,"latitude":33.59025955200195,"longitude":130.4131622314453,"positionAccuracy":26.500465393066406,"positionSource":"corelocation","positionTimestamp":1711513449.59},"pose":[2.9029276371002197,0.30327552556991577,0.9948575496673584,0.7115987539291382,-0.6904044151306152,-0.10387467592954636,-0.07860200107097626],"pose4x4":[0.02510356903076172,-0.966252326965332,-0.2563685178756714,0.0,-0.9989113807678223,-0.034325480461120605,0.031564898788928986,0.0,-0.039299845695495605,0.2552972435951233,-0.966062068939209,0.0,2.9029276371002197,0.30327552556991577,0.9948575496673584,1.0],"resolution":[720,540],"sequence":1,"timestamp":1711513453.084,"tracking":2,"trackingReason":0},{"exposure":0.0,"image":"frame_00000002.jpg","intrinsics":[573.1402587890625,573.1402587890625,361.1076354980469,268.35687255859375,0.0],"location":{"altitude":11.54525375366211,"altitudeAccuracy":6.0,"heading":284.7047119140625,"headingAccuracy":26.500465393066406,"headingTimestamp":1711513449.59,"latitude":33.59025955200195,"longitude":130.4131622314453,"positionAccuracy":26.500465393066406,"positionSource":"corelocation","positionTimestamp":1711513449.59},"pose":[2.9110100269317627,0.30318713188171387,1.0057786703109741,0.7085364460945129,-0.6926375031471252,-0.10946030914783478,-0.07904118299484253],"pose4x4":[0.01654350757598877,-0.9642140865325928,-0.2646070122718811,0.0,-0.9988216161727905,-0.028010845184326172,0.03962551802396774,0.0,-0.045619457960128784,0.26363974809646606,-0.9635411500930786,0.0,2.9110100269317627,0.30318713188171387,1.0057786703109741,1.0],"resolution":[720,540],"sequence":2,"timestamp":1711513453.15,"tracking":2,"trackingReason":0},{"exposure":0.0,"image":"frame_00000003.jpg","intrinsics":[573.1453247070313,573.1453247070313,361.0592956542969,268.3537902832031,0.0],"location":{"altitude":11.54525375366211,"altitudeAccuracy":6.0,"heading":284.7047119140625,"headingAccuracy":26.500465393066406,"headingTimestamp":1711513449.59,"latitude":33.59025955200195,"longitude":130.4131622314453,"positionAccuracy":26.500465393066406,"positionSource":"corelocation","positionTimestamp":1711513449.59},"pose":[2.921727418899536,0.30603843927383423,1.0196809768676758,0.7053181529045105,-0.6953514218330383,-0.11361168324947357,-0.07813671976327896],"pose4x4":[0.007157564163208008,-0.9631334543228149,-0.26892971992492676,0.0,-0.9986424446105957,-0.02076256275177002,0.04777760058641434,0.0,-0.05159980058670044,0.2682226002216339,-0.9619746208190918,0.0,2.921727418899536,0.30603843927383423,1.0196809768676758,1.0],"resolution":[720,540],"sequence":3,"timestamp":1711513453.217,"tracking":2,"trackingReason":0},{"exposure":0.0,"image":"frame_00000004.jpg","intrinsics":[573.152099609375,573.152099609375,361.03704833984375,268.3428649902344,0.0],"location":{"altitude":11.54525375366211,"altitudeAccuracy":6.0,"heading":284.7047119140625,"headingAccuracy":26.500465393066406,"headingTimestamp":1711513449.59,"latitude":33.59025955200195,"longitude":130.4131622314453,"positionAccuracy":26.500465393066406,"positionSource":"corelocation","positionTimestamp":1711513449.59},"pose":[2.9362010955810547,0.3071657419204712,1.0247845649719238,0.701441764831543,-0.6988130211830139,-0.11535157263278961,-0.07958804070949554],"pose4x4":[-0.0032912492752075195,-0.961992084980011,-0.2730591297149658,0.0,-0.9987145066261292,-0.010653018951416016,0.04956560581922531,0.0,-0.05059050768613815,0.27287110686302185,-0.9607203006744385,0.0,2.9362010955810547,0.3071657419204712,1.0247845649719238,1.0],"resolution":[720,540],"sequence":4,"timestamp":1711513453.284,"tracking":2,"trackingReason":0},{"exposure":0.0,"image":"frame_00000005.jpg","intrinsics":[573.1402587890625,573.1402587890625,361.0070495605469,268.31353759765625,0.0],"location":{"altitude":11.54525375366211,"altitudeAccuracy":6.0,"heading":284.7047119140625,"headingAccuracy":26.500465393066406,"headingTimestamp":1711513449.59,"latitude":33.59025955200195,"longitude":130.4131622314453,"positionAccuracy":26.500465393066406,"positionSource":"corelocation","positionTimestamp":1711513449.59},"pose":[2.9530105590820313,0.30723971128463745,1.0260429382324219,-0.6978351473808289,0.7020775675773621,0.11839517951011658,0.0780753344297409],"pose4x4":[-0.013860702514648438,-0.9613813161849976,-0.27487051486968994,0.0,-0.9983563423156738,-0.001982569694519043,0.05727776885032654,0.0,-0.05561074614524841,0.2752126157283783,-0.9597735404968262,0.0,2.9530105590820313,0.30723971128463745,1.0260429382324219,1.0],"resolution":[720,540],"sequence":5,"timestamp":1711513453.35,"tracking":2,"trackingReason":0},{"exposure":0.0,"image":"frame_00000006.jpg","intrinsics":[573.1553955078125,573.1553955078125,361.005126953125,268.3216552734375,0.0],"location":{"altitude":11.54525375366211,"altitudeAccuracy":6.0,"heading":284.7047119140625,"headingAccuracy":26.500465393066406,"headingTimestamp":1711513449.59,"latitude":33.59025955200195,"longitude":130.4131622314453,"positionAccuracy":26.500465393066406,"positionSource":"corelocation","positionTimestamp":1711513449.59},"pose":[2.974949836730957,0.31064170598983765,1.0304391384124756,-0.694923996925354,0.7051971554756165,0.11858741194009781,0.07559367269277573],"pose4x4":[-0.022732019424438477,-0.9621879458427429,-0.27143537998199463,0.0,-0.9980457425117493,0.006035327911376953,0.062191300094127655,0.0,-0.05820159614086151,0.2723187208175659,-0.9604448080062866,0.0,2.974949836730957,0.31064170598983765,1.0304391384124756,1.0],"resolution":[720,540],"sequence":6,"timestamp":1711513453.417,"tracking":2,"trackingReason":0},{"exposure":0.0,"image":"frame_00000007.jpg","intrinsics":[573.1251220703125,573.1251220703125,361.0346374511719,268.2767333984375,0.0],"location":{"altitude":11.54525375366211,"altitudeAccuracy":6.0,"heading":284.7047119140625,"headingAccuracy":26.500465393066406,"headingTimestamp":1711513449.59,"latitude":33.59025955200195,"longitude":130.4131622314453,"positionAccuracy":26.500465393066406,"positionSource":"corelocation","positionTimestamp":1711513449.59},"pose":[2.9982149600982666,0.3131346106529236,1.0325193405151367,-0.6944499015808105,0.7056456804275513,0.12251229584217072,0.06924037635326385],"pose4x4":[-0.025890231132507324,-0.9631055593490601,-0.26787564158439636,0.0,-0.9970366954803467,0.005460143089294434,0.07673259824514389,0.0,-0.07243895530700684,0.26906847953796387,-0.960392951965332,0.0,2.9982149600982666,0.3131346106529236,1.0325193405151367,1.0],"resolution":[720,540],"sequence":7,"timestamp":1711513453.484,"tracking":2,"trackingReason":0},{"exposure":0.0,"image":"frame_00000008.jpg","intrinsics":[573.08984375,573.08984375,361.0413818359375,268.2847900390625,0.0],"location":{"altitude":11.54525375366211,"altitudeAccuracy":6.0,"heading":284.7047119140625,"headingAccuracy":26.500465393066406,"headingTimestamp":1711513449.59,"latitude":33.59025955200195,"longitude":130.4131622314453,"positionAccuracy":26.500465393066406,"positionSource":"corelocation","positionTimestamp":1711513449.59},"pose":[3.022486925125122,0.3151428699493408,1.029961109161377,-0.6948649883270264,0.706087052822113,0.12259361892938614,0.059787437319755554],"pose4x4":[-0.027176260948181152,-0.9666112661361694,-0.25480228662490845,0.0,-0.995929479598999,0.004266917705535889,0.09003514796495438,0.0,-0.08594175428152084,0.25621193647384644,-0.9627926349639893,0.0,3.022486925125122,0.3151428699493408,1.029961109161377,1.0],"resolution":[720,540],"sequence":8,"timestamp":1711513453.55,"tracking":2,"trackingReason":0},{"exposure":0.0,"image":"frame_00000009.jpg","intrinsics":[573.162109375,573.162109375,361.0619812011719,268.28558349609375,0.0],"location":{"altitude":11.54525375366211,"altitudeAccuracy":6.0,"heading":284.7047119140625,"headingAccuracy":26.500465393066406,"headingTimestamp":1711513449.59,"latitude":33.59025955200195,"longitude":130.4131622314453,"positionAccuracy":26.500465393066406,"positionSource":"corelocation","positionTimestamp":1711513449.59},"pose":[3.048844575881958,0.3175838589668274,1.0293715000152588,-0.6956976652145386,0.705716609954834,0.12444603443145752,0.049813006073236465],"pose4x4":[-0.027045488357543945,-0.9695327281951904,-0.24346135556697845,0.0,-0.9943288564682007,0.001035928726196289,0.10633768886327744,0.0,-0.10284589231014252,0.2449568510055542,-0.9640623331069946,0.0,3.048844575881958,0.3175838589668274,1.0293715000152588,1.0],"resolution":[720,540],"sequence":9,"timestamp":1711513453.617,"tracking":2,"trackingReason":0},{"exposure":0.0,"image":"frame_00000010.jpg","intrinsics":[573.1773071289063,573.1773071289063,361.09783935546875,268.26824951171875,0.0],"location":{"altitude":11.54525375366211,"altitudeAccuracy":6.0,"heading":284.7047119140625,"headingAccuracy":26.500465393066406,"headingTimestamp":1711513449.59,"latitude":33.59025955200195,"longitude":130.4131622314453,"positionAccuracy":26.500465393066406,"positionSource":"corelocation","positionTimestamp":1711513449.59},"pose":[3.077444553375244,0.31786713004112244,1.0263159275054932,-0.6966263055801392,0.7043826580047607,0.13159453868865967,0.035205718129873276],"pose4x4":[-0.02694416046142578,-0.9721171855926514,-0.23294103145599365,0.0,-0.9906487464904785,-0.0052106380462646484,0.1363353729248047,0.0,-0.13374784588813782,0.2344362735748291,-0.9628863334655762,0.0,3.077444553375244,0.31786713004112244,1.0263159275054932,1.0],"resolution":[720,540],"sequence":10,"timestamp":1711513453.684,"tracking":2,"trackingReason":0},{"exposure":0.0,"image":"frame_00000011.jpg","intrinsics":[573.1941528320313,573.1941528320313,361.0896301269531,268.3211364746094,0.0],"location":{"altitude":11.54525375366211,"altitudeAccuracy":6.0,"heading":284.7047119140625,"headingAccuracy":26.500465393066406,"headingTimestamp":1711513449.59,"latitude":33.59025955200195,"longitude":130.4131622314453,"positionAccuracy":26.500465393066406,"positionSource":"corelocation","positionTimestamp":1711513449.59},"pose":[3.1085715293884277,0.3165779709815979,1.0218722820281982,-0.6950900554656982,0.7044616341590881,0.14117346704006195,0.025569267570972443],"pose4x4":[-0.032392263412475586,-0.9721091389656067,-0.23228168487548828,0.0,-0.9865480065345764,-0.006160259246826172,0.1633566915988922,0.0,-0.16023141145706177,0.23444846272468567,-0.9588327407836914,0.0,3.1085715293884277,0.3165779709815979,1.0218722820281982,1.0],"resolution":[720,540],"sequence":11,"timestamp":1711513453.75,"tracking":2,"trackingReason":0},{"exposure":0.0,"image":"frame_00000012.jpg","intrinsics":[573.1386108398438,573.1386108398438,361.11883544921875,268.3053283691406,0.0],"location":{"altitude":11.54525375366211,"altitudeAccuracy":6.0,"heading":284.7047119140625,"headingAccuracy":26.500465393066406,"headingTimestamp":1711513449.59,"latitude":33.59025955200195,"longitude":130.4131622314453,"positionAccuracy":26.500465393066406,"positionSource":"corelocation","positionTimestamp":1711513449.59},"pose":[3.1421666145324707,0.3180398941040039,1.0220540761947632,-0.6933620572090149,0.7042722702026367,0.1520155668258667,0.011857056058943272],"pose4x4":[-0.038216352462768555,-0.9730264544487,-0.22750484943389893,0.0,-0.9802362322807312,-0.00771939754486084,0.19767823815345764,0.0,-0.1941024661064148,0.23056316375732422,-0.9535007476806641,0.0,3.1421666145324707,0.3180398941040039,1.0220540761947632,1.0],"resolution":[720,540],"sequence":12,"timestamp":1711513453.817,"tracking":2,"trackingReason":0},{"exposure":0.0,"image":"frame_00000013.jpg","intrinsics":[573.1133422851563,573.1133422851563,361.1100158691406,268.32159423828125,0.0],"location":{"altitude":11.54525375366211,"altitudeAccuracy":6.0,"heading":284.7047119140625,"headingAccuracy":26.500465393066406,"headingTimestamp":1711513449.59,"latitude":33.59025955200195,"longitude":130.4131622314453,"positionAccuracy":26.500465393066406,"positionSource":"corelocation","positionTimestamp":1711513449.59},"pose":[3.176018238067627,0.3173504173755646,1.018622875213623,-0.6908112168312073,0.7056025266647339,0.157793790102005,0.002389731351286173],"pose4x4":[-0.04554760456085205,-0.9741221070289612,-0.22138383984565735,0.0,-0.9756304621696472,-0.004238009452819824,0.21937768161296844,0.0,-0.21463903784751892,0.22598110139369965,-0.9501900672912598,0.0,3.176018238067627,0.3173504173755646,1.018622875213623,1.0],"resolution":[720,540],"sequence":13,"timestamp":1711513453.884,"tracking":2,"trackingReason":0},{"exposure":0.0,"image":"frame_00000014.jpg","intrinsics":[573.1588134765625,573.1588134765625,361.15093994140625,268.3526611328125,0.0],"location":{"altitude":11.54525375366211,"altitudeAccuracy":6.0,"heading":284.7047119140625,"headingAccuracy":26.500465393066406,"headingTimestamp":1711513449.59,"latitude":33.59025955200195,"longitude":130.4131622314453,"positionAccuracy":26.500465393066406,"positionSource":"corelocation","positionTimestamp":1711513449.59},"pose":[3.2071495056152344,0.31565672159194946,1.013824224472046,-0.6886261105537415,0.7057107090950012,0.16659288108348846,-0.0036279987543821335],"pose4x4":[-0.051561594009399414,-0.9731504321098328,-0.22431978583335876,0.0,-0.9707328677177429,-0.003918170928955078,0.24012942612171173,0.0,-0.23456105589866638,0.23013608157634735,-0.9444670677185059,0.0,3.2071495056152344,0.31565672159194946,1.013824224472046,1.0],"resolution":[720,540],"sequence":14,"timestamp":1711513453.951,"tracking":2,"trackingReason":0},{"exposure":0.0,"image":"frame_00000015.jpg","intrinsics":[573.1268310546875,573.1268310546875,361.1463928222656,268.36077880859375,0.0],"location":{"altitude":11.54525375366211,"altitudeAccuracy":6.0,"heading":284.7047119140625,"headingAccuracy":26.500465393066406,"headingTimestamp":1711513449.59,"latitude":33.59025955200195,"longitude":130.4131622314453,"positionAccuracy":26.500465393066406,"positionSource":"corelocation","positionTimestamp":1711513449.59},"pose":[3.2401199340820313,0.3167848289012909,1.016770839691162,-0.6863711476325989,0.7054568529129028,0.17640800774097443,-0.010275375097990036],"pose4x4":[-0.057578325271606445,-0.9720357656478882,-0.22766506671905518,0.0,-0.964785099029541,-0.004450321197509766,0.2630019187927246,0.0,-0.2566604018211365,0.23479104042053223,-0.9375494718551636,0.0,3.2401199340820313,0.3167848289012909,1.016770839691162,1.0],"resolution":[720,540],"sequence":15,"timestamp":1711513454.017,"tracking":2,"trackingReason":0},{"exposure":0.0,"image":"frame_00000016.jpg","intrinsics":[573.163818359375,573.163818359375,361.1416931152344,268.3956298828125,0.0],"location":{"altitude":11.54525375366211,"altitudeAccuracy":6.0,"heading":284.7047119140625,"headingAccuracy":26.500465393066406,"headingTimestamp":1711513449.59,"latitude":33.59025955200195,"longitude":130.4131622314453,"positionAccuracy":26.500465393066406,"positionSource":"corelocation","positionTimestamp":1711513449.59},"pose":[3.269582986831665,0.3179292678833008,1.0158188343048096,-0.6832853555679321,0.7063890695571899,0.18380631506443024,-0.018743442371487617],"pose4x4":[-0.06554055213928223,-0.9722208976745605,-0.22470398247241974,0.0,-0.9584403038024902,-0.0013272762298583984,0.28529176115989685,0.0,-0.2776646316051483,0.2340632975101471,-0.9317288398742676,0.0,3.269582986831665,0.3179292678833008,1.0158188343048096,1.0],"resolution":[720,540],"sequence":16,"timestamp":1711513454.084,"tracking":2,"trackingReason":0},{"exposure":0.0,"image":"frame_00000017.jpg","intrinsics":[573.148681640625,573.148681640625,361.1766357421875,268.4430236816406,0.0],"location":{"altitude":11.54525375366211,"altitudeAccuracy":6.0,"heading":284.7047119140625,"headingAccuracy":26.500465393066406,"headingTimestamp":1711513449.59,"latitude":33.59025955200195,"longitude":130.4131622314453,"positionAccuracy":26.500465393066406,"positionSource":"corelocation","positionTimestamp":1711513449.59},"pose":[3.295515775680542,0.3180822432041168,1.013249397277832,-0.6787915229797363,0.7089704275131226,0.1897915005683899,-0.024119434878230095],"pose4x4":[-0.07731974124908447,-0.9716415405273438,-0.22345781326293945,0.0,-0.9533308744430542,0.0064424872398376465,0.30185726284980774,0.0,-0.29185765981674194,0.23636898398399353,-0.9267940521240234,0.0,3.295515775680542,0.3180822432041168,1.013249397277832,1.0],"resolution":[720,540],"sequence":17,"timestamp":1711513454.151,"tracking":2,"trackingReason":0},{"exposure":0.0,"image":"frame_00000018.jpg","intrinsics":[573.0914916992188,573.0914916992188,361.16796875,268.50042724609375,0.0],"location":{"altitude":11.54525375366211,"altitudeAccuracy":6.0,"heading":284.7047119140625,"headingAccuracy":26.500465393066406,"headingTimestamp":1711513449.59,"latitude":33.59025955200195,"longitude":130.4131622314453,"positionAccuracy":26.500465393066406,"positionSource":"corelocation","positionTimestamp":1711513449.59},"pose":[3.3241419792175293,0.3183305859565735,1.021119236946106,-0.6741805076599121,0.7103415727615356,0.19975513219833374,-0.031523872166872025],"pose4x4":[-0.0889744758605957,-0.9703909754753113,-0.2245565950870514,0.0,-0.9452027678489685,0.011157035827636719,0.32629430294036865,0.0,-0.31412747502326965,0.24128317832946777,-0.9182090759277344,0.0,3.3241419792175293,0.3183305859565735,1.021119236946106,1.0],"resolution":[720,540],"sequence":18,"timestamp":1711513454.217,"tracking":2,"trackingReason":0},{"exposure":0.0,"image":"frame_00000019.jpg","intrinsics":[573.1537475585938,573.1537475585938,361.20635986328125,268.5185546875,0.0],"location":{"altitude":11.54525375366211,"altitudeAccuracy":6.0,"heading":284.7047119140625,"headingAccuracy":26.500465393066406,"headingTimestamp":1711513449.59,"latitude":33.59025955200195,"longitude":130.4131622314453,"positionAccuracy":26.500465393066406,"positionSource":"corelocation","positionTimestamp":1711513449.59},"pose":[3.3502209186553955,0.31877392530441284,1.0335623025894165,-0.669296145439148,0.7128514051437378,0.20679201185703278,-0.03350023552775383],"pose4x4":[-0.10184013843536377,-0.9680725336074829,-0.22904881834983826,0.0,-0.9403622150421143,0.01855945587158203,0.33966711163520813,0.0,-0.3245715796947479,0.24998079240322113,-0.9122289419174194,0.0,3.3502209186553955,0.31877392530441284,1.0335623025894165,1.0],"resolution":[720,540],"sequence":19,"timestamp":1711513454.284,"tracking":2,"trackingReason":0},{"exposure":0.0,"image":"frame_00000020.jpg","intrinsics":[573.1234130859375,573.1234130859375,361.2057189941406,268.59759521484375,0.0],"location":{"altitude":11.54525375366211,"altitudeAccuracy":6.0,"heading":284.7047119140625,"headingAccuracy":26.500465393066406,"headingTimestamp":1711513449.59,"latitude":33.59025955200195,"longitude":130.4131622314453,"positionAccuracy":26.500465393066406,"positionSource":"corelocation","positionTimestamp":1711513449.59},"pose":[3.3729238510131836,0.3178287744522095,1.0427765846252441,-0.666861355304718,0.7119782567024231,0.21585996448993683,-0.042278774082660675],"pose4x4":[-0.1070171594619751,-0.9678341746330261,-0.22769421339035034,0.0,-0.9313289523124695,0.01740086078643799,0.36376336216926575,0.0,-0.348100483417511,0.2509870231151581,-0.9032342433929443,0.0,3.3729238510131836,0.3178287744522095,1.0427765846252441,1.0],"resolution":[720,540],"sequence":20,"timestamp":1711513454.351,"tracking":2,"trackingReason":0},{"exposure":0.0,"image":"frame_00000021.jpg","intrinsics":[573.1688842773438,573.1688842773438,361.19964599609375,268.60296630859375,0.0],"location":{"altitude":11.54525375366211,"altitudeAccuracy":6.0,"heading":284.7047119140625,"headingAccuracy":26.500465393066406,"headingTimestamp":1711513449.59,"latitude":33.59025955200195,"longitude":130.4131622314453,"positionAccuracy":26.500465393066406,"positionSource":"corelocation","positionTimestamp":1711513449.59},"pose":[3.39151668548584,0.317615270614624,1.0542576313018799,-0.6645095944404602,0.7105974555015564,0.22570715844631195,-0.05033842474222183],"pose4x4":[-0.1117849349975586,-0.9671211242675781,-0.2284284234046936,0.0,-0.9216741323471069,0.01496654748916626,0.38767459988594055,0.0,-0.371509850025177,0.25387313961982727,-0.8930435180664063,0.0,3.39151668548584,0.317615270614624,1.0542576313018799,1.0],"resolution":[720,540],"sequence":21,"timestamp":1711513454.417,"tracking":2,"trackingReason":0},{"exposure":0.0,"image":"frame_00000022.jpg","intrinsics":[573.1436767578125,573.1436767578125,361.2018737792969,268.60699462890625,0.0],"location":{"altitude":11.54525375366211,"altitudeAccuracy":6.0,"heading":284.7047119140625,"headingAccuracy":26.500465393066406,"headingTimestamp":1711513449.59,"latitude":33.59025955200195,"longitude":130.4131622314453,"positionAccuracy":26.500465393066406,"positionSource":"corelocation","positionTimestamp":1711513449.59},"pose":[3.4094953536987305,0.3147757649421692,1.070336103439331,-0.6626585125923157,0.7087975740432739,0.2347785234451294,-0.05803883448243141],"pose4x4":[-0.11502993106842041,-0.9666340351104736,-0.2288804054260254,0.0,-0.9121289253234863,0.011525511741638184,0.40974074602127075,0.0,-0.39343154430389404,0.255901038646698,-0.8830206394195557,0.0,3.4094953536987305,0.3147757649421692,1.070336103439331,1.0],"resolution":[720,540],"sequence":22,"timestamp":1711513454.484,"tracking":2,"trackingReason":0},{"exposure":0.0,"image":"frame_00000023.jpg","intrinsics":[573.1688842773438,573.1688842773438,361.1983642578125,268.61065673828125,0.0],"location":{"altitude":11.54525375366211,"altitudeAccuracy":6.0,"heading":284.7047119140625,"headingAccuracy":26.500465393066406,"headingTimestamp":1711513449.59,"latitude":33.59025955200195,"longitude":130.4131622314453,"positionAccuracy":26.500465393066406,"positionSource":"corelocation","positionTimestamp":1711513449.59},"pose":[3.430190086364746,0.31229954957962036,1.0860519409179688,-0.6614077091217041,0.7081418037414551,0.23865626752376556,-0.0641709566116333],"pose4x4":[-0.1168433427810669,-0.9673704504966736,-0.22481390833854675,0.0,-0.9061112999916077,0.011166095733642578,0.4228912591934204,0.0,-0.40658244490623474,0.253118634223938,-0.8778500556945801,0.0,3.430190086364746,0.31229954957962036,1.0860519409179688,1.0],"resolution":[720,540],"sequence":23,"timestamp":1711513454.551,"tracking":2,"trackingReason":0},{"exposure":0.0,"image":"frame_00000024.jpg","intrinsics":[573.1688842773438,573.1688842773438,361.2201232910156,268.61260986328125,0.0],"location":{"altitude":11.54525375366211,"altitudeAccuracy":6.0,"heading":284.7047119140625,"headingAccuracy":26.500465393066406,"headingTimestamp":1711513449.59,"latitude":33.59025955200195,"longitude":130.4131622314453,"positionAccuracy":26.500465393066406,"positionSource":"corelocation","positionTimestamp":1711513449.59},"pose":[3.4407455921173096,0.3113459348678589,1.1019114255905151,-0.6616706252098083,0.7080361843109131,0.23751325905323029,-0.06681675463914871],"pose4x4":[-0.11545562744140625,-0.9687132239341736,-0.21969372034072876,0.0,-0.9052338004112244,0.011558890342712402,0.42475733160972595,0.0,-0.40892845392227173,0.24791458249092102,-0.878246545791626,0.0,3.4407455921173096,0.3113459348678589,1.1019114255905151,1.0],"resolution":[720,540],"sequence":24,"timestamp":1711513454.617,"tracking":2,"trackingReason":0},{"exposure":0.0,"image":"frame_00000025.jpg","intrinsics":[573.13525390625,573.13525390625,361.2317199707031,268.60638427734375,0.0],"location":{"altitude":11.54525375366211,"altitudeAccuracy":6.0,"heading":284.7047119140625,"headingAccuracy":26.500465393066406,"headingTimestamp":1711513449.59,"latitude":33.59025955200195,"longitude":130.4131622314453,"positionAccuracy":26.500465393066406,"positionSource":"corelocation","positionTimestamp":1711513449.59},"pose":[3.450744867324829,0.30854037404060364,1.1246272325515747,-0.6643764972686768,0.705341637134552,0.23697228729724884,-0.07029375433921814],"pose4x4":[-0.10732543468475342,-0.9705401659011841,-0.2157154083251953,0.0,-0.90390944480896,0.004896044731140137,0.4276958703994751,0.0,-0.41403985023498535,0.2408897876739502,-0.8778059482574463,0.0,3.450744867324829,0.30854037404060364,1.1246272325515747,1.0],"resolution":[720,540],"sequence":25,"timestamp":1711513454.684,"tracking":2,"trackingReason":0},{"exposure":0.0,"image":"frame_00000026.jpg","intrinsics":[573.1873779296875,573.1873779296875,361.2258605957031,268.6187744140625,0.0],"location":{"altitude":11.54525375366211,"altitudeAccuracy":6.0,"heading":284.7047119140625,"headingAccuracy":26.500465393066406,"headingTimestamp":1711513449.59,"latitude":33.59025955200195,"longitude":130.4131622314453,"positionAccuracy":26.500465393066406,"positionSource":"corelocation","positionTimestamp":1711513449.59},"pose":[3.4654927253723145,0.30673497915267944,1.1498299837112427,-0.6659482717514038,0.7034452557563782,0.2377132773399353,-0.0719030499458313],"pose4x4":[-0.10268568992614746,-0.971100926399231,-0.21544978022575378,0.0,-0.9027316570281982,1.0609626770019531e-05,0.43020397424697876,0.0,-0.4177692234516144,0.23866914212703705,-0.8766446113586426,0.0,3.4654927253723145,0.30673497915267944,1.1498299837112427,1.0],"resolution":[720,540],"sequence":26,"timestamp":1711513454.751,"tracking":2,"trackingReason":0},{"exposure":0.0,"image":"frame_00000027.jpg","intrinsics":[573.1705932617188,573.1705932617188,361.2245178222656,268.6334533691406,0.0],"location":{"altitude":11.54525375366211,"altitudeAccuracy":6.0,"heading":284.7047119140625,"headingAccuracy":26.500465393066406,"headingTimestamp":1711513449.59,"latitude":33.59025955200195,"longitude":130.4131622314453,"positionAccuracy":26.500465393066406,"positionSource":"corelocation","positionTimestamp":1711513449.59},"pose":[3.4818477630615234,0.30541443824768066,1.1796337366104126,-0.6669650077819824,0.7036964297294617,0.23402461409568787,-0.0721202939748764],"pose4x4":[-0.09991240501403809,-0.9724376201629639,-0.2106708586215973,0.0,-0.9049259424209595,0.0007803440093994141,0.42556798458099365,0.0,-0.4136740267276764,0.23316115140914917,-0.8800618648529053,0.0,3.4818477630615234,0.30541443824768066,1.1796337366104126,1.0],"resolution":[720,540],"sequence":27,"timestamp":1711513454.818,"tracking":2,"trackingReason":0},{"exposure":0.0,"image":"frame_00000028.jpg","intrinsics":[573.1234130859375,573.1234130859375,361.2491149902344,268.5917663574219,0.0],"location":{"altitude":11.54525375366211,"altitudeAccuracy":6.0,"heading":284.7047119140625,"headingAccuracy":26.500465393066406,"headingTimestamp":1711513449.59,"latitude":33.59025955200195,"longitude":130.4131622314453,"positionAccuracy":26.500465393066406,"positionSource":"corelocation","positionTimestamp":1711513449.59},"pose":[3.497015953063965,0.3110344409942627,1.207600474357605,-0.6728600263595581,0.6996720433235168,0.2295776754617691,-0.07079925388097763],"pose4x4":[-0.08449375629425049,-0.9740705490112305,-0.20987477898597717,0.0,-0.9090548753738403,-0.010892987251281738,0.4165341258049011,0.0,-0.4080198109149933,0.2259821891784668,-0.8845632076263428,0.0,3.497015953063965,0.3110344409942627,1.207600474357605,1.0],"resolution":[720,540],"sequence":28,"timestamp":1711513454.884,"tracking":2,"trackingReason":0},{"exposure":0.0,"image":"frame_00000029.jpg","intrinsics":[573.2412109375,573.2412109375,361.2708740234375,268.6119079589844,0.0],"location":{"altitude":11.54525375366211,"altitudeAccuracy":6.0,"heading":284.7047119140625,"headingAccuracy":26.500465393066406,"headingTimestamp":1711513449.59,"latitude":33.59025955200195,"longitude":130.4131622314453,"positionAccuracy":26.500465393066406,"positionSource":"corelocation","positionTimestamp":1711513449.59},"pose":[3.5139310359954834,0.31848880648612976,1.2366952896118164,-0.6740908026695251,0.6986016035079956,0.2290508896112442,-0.07136601209640503],"pose4x4":[-0.08101701736450195,-0.9745347499847412,-0.20908936858177185,0.0,-0.9091489315032959,-0.013725519180297852,0.4162449836730957,0.0,-0.40851500630378723,0.22381627559661865,-0.884885311126709,0.0,3.5139310359954834,0.31848880648612976,1.2366952896118164,1.0],"resolution":[720,540],"sequence":29,"timestamp":1711513454.951,"tracking":2,"trackingReason":0},{"exposure":0.0,"image":"frame_00000030.jpg","intrinsics":[573.1066284179688,573.1066284179688,361.2613525390625,268.6234130859375,0.0],"location":{"altitude":11.54525375366211,"altitudeAccuracy":6.0,"heading":284.7047119140625,"headingAccuracy":26.500465393066406,"headingTimestamp":1711513449.59,"latitude":33.59025955200195,"longitude":130.4131622314453,"positionAccuracy":26.500465393066406,"positionSource":"corelocation","positionTimestamp":1711513449.59},"pose":[3.5349652767181396,0.3260596990585327,1.264359712600708,-0.6740005612373352,0.6954382658004761,0.23286421597003937,-0.08867280185222626],"pose4x4":[-0.07572031021118164,-0.9787489771842957,-0.19056829810142517,0.0,-0.8961541056632996,-0.017004966735839844,0.44341641664505005,0.0,-0.43723413348197937,0.20435434579849243,-0.8758223056793213,0.0,3.5349652767181396,0.3260596990585327,1.264359712600708,1.0],"resolution":[720,540],"sequence":30,"timestamp":1711513455.018,"tracking":2,"trackingReason":0},{"exposure":0.0,"image":"frame_00000031.jpg","intrinsics":[573.1755981445313,573.1755981445313,361.30859375,268.5898742675781,0.0],"location":{"altitude":11.54525375366211,"altitudeAccuracy":6.0,"heading":284.7047119140625,"headingAccuracy":26.500465393066406,"headingTimestamp":1711513449.59,"latitude":33.59025955200195,"longitude":130.4131622314453,"positionAccuracy":26.500465393066406,"positionSource":"corelocation","positionTimestamp":1711513449.59},"pose":[3.5590968132019043,0.3312397599220276,1.2930772304534912,-0.6713681221008301,0.6946199536323547,0.2402174472808838,-0.09520147740840912],"pose4x4":[-0.08040261268615723,-0.9784294962882996,-0.19029100239276886,0.0,-0.8869532942771912,-0.01687920093536377,0.46155014634132385,0.0,-0.454806387424469,0.20588919520378113,-0.8664641380310059,0.0,3.5590968132019043,0.3312397599220276,1.2930772304534912,1.0],"resolution":[720,540],"sequence":31,"timestamp":1711513455.084,"tracking":2,"trackingReason":0},{"exposure":0.0,"image":"frame_00000032.jpg","intrinsics":[573.1099853515625,573.1099853515625,361.2816162109375,268.50811767578125,0.0],"location":{"altitude":11.54525375366211,"altitudeAccuracy":6.0,"heading":284.7047119140625,"headingAccuracy":26.500465393066406,"headingTimestamp":1711513449.59,"latitude":33.59025955200195,"longitude":130.4131622314453,"positionAccuracy":26.500465393066406,"positionSource":"corelocation","positionTimestamp":1711513449.59},"pose":[3.5826659202575684,0.3351846933364868,1.3183023929595947,-0.6699928045272827,0.6930364370346069,0.24560770392417908,-0.10240752249956131],"pose4x4":[-0.0812453031539917,-0.9789630174636841,-0.1871665120124817,0.0,-0.8783546686172485,-0.018427014350891113,0.47765475511550903,0.0,-0.4710550904273987,0.20320557057857513,-0.8583797216415405,0.0,3.5826659202575684,0.3351846933364868,1.3183023929595947,1.0],"resolution":[720,540],"sequence":32,"timestamp":1711513455.151,"tracking":2,"trackingReason":0},{"exposure":0.0,"image":"frame_00000033.jpg","intrinsics":[573.1705932617188,573.1705932617188,361.2511901855469,268.4849548339844,0.0],"location":{"altitude":11.54525375366211,"altitudeAccuracy":6.0,"heading":284.7047119140625,"headingAccuracy":26.500465393066406,"headingTimestamp":1711513449.59,"latitude":33.59025955200195,"longitude":130.4131622314453,"positionAccuracy":26.500465393066406,"positionSource":"corelocation","positionTimestamp":1711513449.59},"pose":[3.6053900718688965,0.3387155830860138,1.3412840366363525,-0.6675270795822144,0.6928242444992065,0.2507406771183014,-0.10738341510295868],"pose4x4":[-0.08575272560119629,-0.9788086414337158,-0.18595671653747559,0.0,-0.8711071014404297,-0.01692652702331543,0.4908011257648468,0.0,-0.48354804515838623,0.20407578349113464,-0.8511956930160522,0.0,3.6053900718688965,0.3387155830860138,1.3412840366363525,1.0],"resolution":[720,540],"sequence":33,"timestamp":1711513455.218,"tracking":2,"trackingReason":0},{"exposure":0.0,"image":"frame_00000034.jpg","intrinsics":[573.197509765625,573.197509765625,361.22540283203125,268.433837890625,0.0],"location":{"altitude":11.54525375366211,"altitudeAccuracy":6.0,"heading":284.7047119140625,"headingAccuracy":26.500465393066406,"headingTimestamp":1711513449.59,"latitude":33.59025955200195,"longitude":130.4131622314453,"positionAccuracy":26.500465393066406,"positionSource":"corelocation","positionTimestamp":1711513449.59},"pose":[3.6295599937438965,0.34077709913253784,1.3615195751190186,-0.664313554763794,0.6951466202735901,0.25199952721595764,-0.1093369647860527],"pose4x4":[-0.09346520900726318,-0.9786964058876038,-0.1828029751777649,0.0,-0.8684849143028259,-0.009632468223571777,0.49562129378318787,0.0,-0.4868238568305969,0.20508518815040588,-0.8490827083587646,0.0,3.6295599937438965,0.34077709913253784,1.3615195751190186,1.0],"resolution":[720,540],"sequence":34,"timestamp":1711513455.284,"tracking":2,"trackingReason":0},{"exposure":0.0,"image":"frame_00000035.jpg","intrinsics":[573.118408203125,573.118408203125,361.20501708984375,268.4004211425781,0.0],"location":{"altitude":11.54525375366211,"altitudeAccuracy":6.0,"heading":284.7047119140625,"headingAccuracy":26.500465393066406,"headingTimestamp":1711513449.59,"latitude":33.59025955200195,"longitude":130.4131622314453,"positionAccuracy":26.500465393066406,"positionSource":"corelocation","positionTimestamp":1711513449.59},"pose":[3.6532411575317383,0.34160810708999634,1.3794796466827393,-0.663506031036377,0.6948549151420593,0.25463417172431946,-0.1099887266755104],"pose4x4":[-0.09532380104064941,-0.9780946373939514,-0.18505018949508667,0.0,-0.866067111492157,-0.010157585144042969,0.49982398748397827,0.0,-0.49075502157211304,0.20791125297546387,-0.8461272716522217,0.0,3.6532411575317383,0.34160810708999634,1.3794796466827393,1.0],"resolution":[720,540],"sequence":35,"timestamp":1711513455.351,"tracking":2,"trackingReason":0},{"exposure":0.0,"image":"frame_00000036.jpg","intrinsics":[573.2008666992188,573.2008666992188,361.17291259765625,268.357666015625,0.0],"location":{"altitude":11.54525375366211,"altitudeAccuracy":6.0,"heading":284.7047119140625,"headingAccuracy":26.500465393066406,"headingTimestamp":1711513449.59,"latitude":33.59025955200195,"longitude":130.4131622314453,"positionAccuracy":26.500465393066406,"positionSource":"corelocation","positionTimestamp":1711513449.59},"pose":[3.680290937423706,0.3417493999004364,1.3987116813659668,-0.6628900170326233,0.6977576613426208,0.2499712109565735,-0.10595043748617172],"pose4x4":[-0.09870266914367676,-0.9780422449111938,-0.1835513710975647,0.0,-0.8721040487289429,-0.0038175582885742188,0.48930561542510986,0.0,-0.4792622923851013,0.20837168395519257,-0.8525779247283936,0.0,3.680290937423706,0.3417493999004364,1.3987116813659668,1.0],"resolution":[720,540],"sequence":36,"timestamp":1711513455.418,"tracking":2,"trackingReason":0},{"exposure":0.0,"image":"frame_00000037.jpg","intrinsics":[573.1705932617188,573.1705932617188,361.14227294921875,268.3486022949219,0.0],"location":{"altitude":11.54525375366211,"altitudeAccuracy":6.0,"heading":284.7047119140625,"headingAccuracy":26.500465393066406,"headingTimestamp":1711513449.59,"latitude":33.59025955200195,"longitude":130.4131622314453,"positionAccuracy":26.500465393066406,"positionSource":"corelocation","positionTimestamp":1711513449.59},"pose":[3.7078983783721924,0.34035348892211914,1.41685152053833,-0.6602841019630432,0.6992046236991882,0.2530849575996399,-0.10528877377510071],"pose4x4":[-0.10587823390960693,-0.9766414165496826,-0.18697914481163025,0.0,-0.8700534105300903,-5.424022674560547e-05,0.49295735359191895,0.0,-0.48145273327827454,0.21487534046173096,-0.8497244119644165,0.0,3.7078983783721924,0.34035348892211914,1.41685152053833,1.0],"resolution":[720,540],"sequence":37,"timestamp":1711513455.484,"tracking":2,"trackingReason":0},{"exposure":0.0,"image":"frame_00000038.jpg","intrinsics":[573.148681640625,573.148681640625,361.121826171875,268.34503173828125,0.0],"location":{"altitude":11.54525375366211,"altitudeAccuracy":6.0,"heading":284.7047119140625,"headingAccuracy":26.500465393066406,"headingTimestamp":1711513449.59,"latitude":33.59025955200195,"longitude":130.4131622314453,"positionAccuracy":26.500465393066406,"positionSource":"corelocation","positionTimestamp":1711513449.59},"pose":[3.7372913360595703,0.3367747366428375,1.432942509651184,-0.657150149345398,0.7026463150978088,0.2520575225353241,-0.10444380342960358],"pose4x4":[-0.11448967456817627,-0.9761399626731873,-0.1845051646232605,0.0,-0.8708365559577942,0.009241342544555664,0.4914851188659668,0.0,-0.47805339097976685,0.21694405376911163,-0.851116418838501,0.0,3.7372913360595703,0.3367747366428375,1.432942509651184,1.0],"resolution":[720,540],"sequence":38,"timestamp":1711513455.551,"tracking":2,"trackingReason":0},{"exposure":0.0,"image":"frame_00000039.jpg","intrinsics":[573.1588134765625,573.1588134765625,361.1188659667969,268.3321533203125,0.0],"location":{"altitude":11.54525375366211,"altitudeAccuracy":6.0,"heading":284.7047119140625,"headingAccuracy":26.500465393066406,"headingTimestamp":1711513449.59,"latitude":33.59025955200195,"longitude":130.4131622314453,"positionAccuracy":26.500465393066406,"positionSource":"corelocation","positionTimestamp":1711513449.59},"pose":[3.770822286605835,0.3323444128036499,1.4500324726104736,-0.655349850654602,0.7040290236473083,0.253142386674881,-0.10382173955440521],"pose4x4":[-0.1194758415222168,-0.9753339886665344,-0.18560659885406494,0.0,-0.8702072501182556,0.012871026992797852,0.4925183057785034,0.0,-0.47798067331314087,0.22036005556583405,-0.8502805233001709,0.0,3.770822286605835,0.3323444128036499,1.4500324726104736,1.0],"resolution":[720,540],"sequence":39,"timestamp":1711513455.618,"tracking":2,"trackingReason":0},{"exposure":0.0,"image":"frame_00000040.jpg","intrinsics":[573.1806640625,573.1806640625,361.1238098144531,268.3365478515625,0.0],"location":{"altitude":11.54525375366211,"altitudeAccuracy":6.0,"heading":284.7047119140625,"headingAccuracy":26.500465393066406,"headingTimestamp":1711513449.59,"latitude":33.59025955200195,"longitude":130.4131622314453,"positionAccuracy":26.500465393066406,"positionSource":"corelocation","positionTimestamp":1711513449.59},"pose":[3.8079373836517334,0.32801181077957153,1.4661860466003418,-0.6523541808128357,0.705035924911499,0.2569236755371094,-0.10653091967105865],"pose4x4":[-0.12617087364196777,-0.9746068716049194,-0.18499422073364258,0.0,-0.8651256561279297,0.016848444938659668,0.5012726187705994,0.0,-0.48542672395706177,0.22328905761241913,-0.8452832698822021,0.0,3.8079373836517334,0.32801181077957153,1.4661860466003418,1.0],"resolution":[720,540],"sequence":4